1|40|13|0|0|9|-1|-1|0|0|3|3|AAA
2|54|20|0|0|0|-1|-1|0|0|16|16|R from CamelCase
1|55|13|0|0|9|-1|-1|0|0|7|7|Algeria
2|55|24|0|0|0|-1|-1|0|0|16|16|R from CamelCase
3|69|23|0|0|0|-1|-1|0|0|16|16|R from CamelCase
1|70|13|0|0|9|-1|-1|0|0|14|14|American Samoa
2|70|31|0|0|0|-1|-1|0|0|16|16|R from CamelCase
1|84|13|0|0|9|-1|-1|0|0|14|14|Applied ethics
1|100|13|0|0|9|-1|-1|0|0|20|20|Accessible_computing
1|114|13|0|0|9|-1|-1|0|0|24|24|Ada programming language
0|129|3|0|0|0|-1|-1|0|0|9|9|Anarchism
11|130|74|0|0|9|-1|-1|0|0|13|13|working class
12|130|92|1|0|9|-1|-1|0|0|7|7|radical
16|130|119|0|0|9|-1|-1|0|0|7|7|Diggers
19|130|138|0|0|9|-1|-1|0|0|18|18|English Revolution
22|130|169|0|0|9|-1|-1|0|0|30|12|sans-culotte
26|130|211|0|0|9|-1|-1|0|0|17|17|French Revolution
4|132|31|0|0|9|-1|-1|0|0|22|9|etymology
8|132|62|0|0|9|-1|-1|0|0|20|14|Greek language
10|132|91|1|0|7|2|-1|1|1|152|81|Wiktionary:&amp;#945;&amp;#957;&amp;#945;&amp;#961;&amp;#967;&amp;#943;&amp;#945;
28|132|263|0|0|9|-1|-1|0|0|6|6|archon
38|132|319|0|0|9|-1|-1|0|0|20|20|political philosophy
65|132|514|0|0|9|-1|-1|0|0|15|15|social movement
76|132|614|0|0|9|-1|-1|0|0|5|5|state
95|132|771|0|0|9|-1|-1|0|0|7|7|anarchy
106|132|832|0|0|9|-1|-1|0|0|5|5|chaos
108|132|843|0|0|9|-1|-1|0|0|8|8|nihilism
111|132|860|0|0|9|-1|-1|0|0|6|6|anomie
117|132|896|0|0|9|-1|-1|0|0|18|18|anti-authoritarian
139|132|1080|0|0|9|-1|-1|0|0|21|21|voluntary association
143|132|1133|0|0|9|-1|-1|0|0|10|10|mutual aid
146|132|1153|0|0|9|-1|-1|0|0|15|15|self-governance
0|138|3|0|0|9|-1|-1|0|0|25|15|Peter Kropotkin
9|138|73|0|0|9|-1|-1|0|0|7|7|history
21|138|149|0|0|9|-1|-1|0|0|25|15|Peter Kropotkin
26|138|193|0|0|9|2|2|0|0|33|33|Mutual Aid: A Factor of Evolution
65|138|478|0|0|9|-1|-1|0|0|23|16|Friedrich Engels
0|139|3|0|0|5|-1|-1|0|0|56|23|Image:WilliamGodwin.jpg
3|141|28|0|0|9|-1|-1|0|0|24|24|The Anarchy Organisation
5|141|61|0|0|9|-1|-1|0|0|24|15|Murray Rothbard
11|141|118|0|0|9|-1|-1|0|0|6|6|Taoism
13|141|134|0|0|9|-1|-1|0|0|30|16|History of China
27|141|240|1|0|9|-1|-1|0|0|8|8|April 14
28|141|253|1|0|9|-1|-1|0|0|4|4|2002
42|141|414|0|0|9|-1|-1|0|0|24|15|Murray Rothbard
86|141|794|1|0|9|-1|-1|0|0|25|15|Peter Kropotkin
92|141|847|0|0|9|-1|-1|0|0|14|8|stoicism
94|141|866|1|0|9|-1|-1|0|0|14|14|Zeno of Citium
1|143|7|0|0|9|-1|-1|0|0|10|10|Anabaptist
17|143|120|0|0|9|-1|-1|0|0|16|16|Bertrand Russell
48|143|306|0|0|9|-1|-1|0|0|15|15|the Holy Spirit
55|143|363|0|0|9|-1|-1|0|0|9|9|communism
61|143|397|0|0|9|-1|-1|0|0|24|16|Bertrand Russell
96|143|633|1|0|9|-1|-1|0|0|36|24|Diggers (True Levellers)
114|143|762|0|0|9|-1|-1|0|0|17|17|English Civil War
2|145|10|0|0|9|-1|-1|0|0|10|10|modern era
17|145|91|0|0|9|-1|-1|0|0|89|57|Louis-Armand de Lom d'Arce de Lahontan, Baron de Lahontan
35|145|277|0|0|9|-1|-1|0|0|57|37|Native Americans in the United States
69|145|567|0|0|9|-1|-1|0|0|13|13|Russell Means
72|145|588|0|0|9|-1|-1|0|0|11|11|libertarian
77|145|622|0|0|9|-1|-1|0|0|24|24|American Indian Movement
7|147|32|0|0|9|-1|-1|0|0|17|17|French Revolution
9|147|55|0|0|9|-1|-1|0|0|14|14|William Godwin
71|147|540|0|0|9|-1|-1|0|0|9|9|bourgeois
72|147|554|1|0|9|-1|-1|0|0|9|9|Girondins
79|147|600|0|0|9|-1|-1|0|0|17|17|French revolution
0|150|3|0|0|5|-1|-1|0|0|72|32|Image:Pierre_Joseph_Proudhon.jpg
0|151|3|0|0|0|-1|-1|0|0|76|13|main articles
1|151|20|0|0|9|-1|-1|0|0|22|22|Pierre-Joseph Proudhon
3|151|51|0|0|9|-1|-1|0|0|27|27|Mutualism (economic theory)
8|153|44|0|0|9|-1|-1|0|0|22|22|Pierre-Joseph Proudhon
10|153|85|0|0|9|2|-1|1|1|17|17|What is Property?
41|153|279|0|0|9|-1|-1|0|0|17|17|What is Property?
49|153|351|0|0|9|-1|-1|0|0|17|17|Property is theft
94|153|639|0|0|9|-1|-1|0|0|31|22|Pierre-Joseph Proudhon
115|153|866|0|0|9|2|2|0|0|17|17|What is Property?
7|155|49|0|0|9|-1|-1|0|0|9|9|mutualism
91|155|606|0|0|9|-1|-1|0|0|18|18|Revolution of 1848
32|157|201|0|0|9|2|2|0|0|27|22|Pierre-Joseph Proudhon
0|160|3|0|0|0|-1|-1|0|0|44|13|main articles
1|160|20|0|0|9|-1|-1|0|0|11|11|Max Stirner
3|160|40|0|0|9|-1|-1|0|0|6|6|Egoism
0|167|3|0|0|5|-1|-1|0|0|61|24|Image:BenjaminTucker.jpg
4|167|48|0|0|9|-1|-1|0|0|15|15|Benjamin Tucker
0|168|3|0|0|0|-1|-1|0|0|82|13|main articles
1|168|20|0|0|9|-1|-1|0|0|23|23|Individualist anarchism
3|168|52|0|0|9|-1|-1|0|0|32|32|American individualist anarchism
2|170|11|0|0|9|-1|-1|0|0|13|13|Josiah Warren
7|170|51|0|0|9|-1|-1|0|0|13|13|communitarian
11|170|90|0|0|9|-1|-1|0|0|11|11|Robert Owen
13|170|113|0|0|9|-1|-1|0|0|11|11|New Harmony
34|170|240|0|0|9|-1|-1|0|0|22|22|individual sovereignty
61|170|443|0|0|9|-1|-1|0|0|35|28|Utopia (anarchist community)
64|170|487|0|0|9|-1|-1|0|0|12|12|Modern Times
0|172|3|0|0|9|-1|-1|0|0|15|15|Benjamin Tucker
10|172|88|0|0|9|-1|-1|0|0|17|17|William B. Greene
55|172|408|0|0|9|-1|-1|0|0|24|9|mutualism
62|172|456|0|0|9|-1|-1|0|0|50|23|cost the limit of price
70|172|514|0|0|9|-1|-1|0|0|29|19|heterodox economics
74|172|559|0|0|9|-1|-1|0|0|22|22|labour theory of value
76|172|588|0|0|9|-1|-1|0|0|8|8|Proudhon
80|172|621|0|0|9|-1|-1|0|0|11|11|Max Stirner
82|172|639|0|0|9|-1|-1|0|0|6|6|egoism
85|172|656|0|0|9|-1|-1|0|0|15|15|Herbert Spencer
111|172|811|0|0|9|-1|-1|0|0|16|16|private property
125|172|896|0|0|9|-1|-1|0|0|22|15|Benjamin Tucker
160|172|1188|0|0|9|-1|-1|0|0|14|14|market economy
5|174|46|0|0|9|-1|-1|0|0|16|16|Lysander Spooner
7|174|68|0|0|9|-1|-1|0|0|21|21|Stephen Pearl Andrews
10|174|99|0|0|9|-1|-1|0|0|13|13|Victor Yarros
0|177|3|0|0|5|-1|-1|0|0|77|21|Image:Bakuninfull.jpg
4|177|46|0|0|9|-1|-1|0|0|33|7|Bakunin
0|178|3|0|0|0|-1|-1|0|0|83|13|main articles
1|178|18|0|0|9|-1|-1|0|0|25|25|International Workingmen'
2|178|45|0|0|9|-1|-1|0|0|13|13|s Association
4|178|64|0|0|9|-1|-1|0|0|21|21|Anarchism and Marxism
15|180|94|0|0|9|-1|-1|0|0|38|38|International Workingmen's Association
3|182|18|0|0|9|-1|-1|0|0|9|9|Karl Marx
30|182|191|0|0|9|-1|-1|0|0|20|9|Mutualism
39|182|266|0|0|9|-1|-1|0|0|15|15|Mikhail Bakunin
5|184|41|0|0|9|-1|-1|0|0|13|13|authoritarian
26|184|153|0|0|9|-1|-1|0|0|12|12|ruling class
34|184|205|0|0|9|-1|-1|0|0|23|15|Mikhail Bakunin
62|184|419|0|0|9|-1|-1|0|0|36|21|Hague Congress (1872)
75|184|502|0|0|9|-1|-1|0|0|72|31|Anarchist_objections_to_marxism
86|184|605|0|0|9|2|-1|1|1|34|16|Social democracy
90|184|652|0|0|9|2|-1|1|1|33|21|Libertarian socialism
100|184|755|0|0|9|-1|-1|0|0|50|32|List of left-wing internationals
0|187|3|0|0|0|-1|-1|0|0|24|4|main
0|188|3|0|0|5|-1|-1|0|0|58|24|Image:PeterKropotkin.jpg
5|190|37|0|0|9|-1|-1|0|0|9|9|communism
15|192|100|0|0|9|-1|-1|0|0|33|21|libertarian socialism
37|192|364|0|0|9|-1|-1|0|0|22|15|French language
0|199|3|0|0|5|-1|-1|0|0|91|20|Image:JohannMost.jpg
4|199|44|0|0|9|-1|-1|0|0|11|11|Johann Most
0|200|3|0|0|0|-1|-1|0|0|27|4|main
19|202|129|0|0|9|-1|-1|0|0|4|4|riot
21|202|140|0|0|9|-1|-1|0|0|13|13|assassination
23|202|160|0|0|9|-1|-1|0|0|12|12|insurrection
26|202|183|0|0|9|-1|-1|0|0|9|9|terrorism
31|202|222|0|0|9|-1|-1|0|0|10|10|revolution
45|202|315|0|0|9|-1|-1|0|0|4|4|bomb
49|202|336|0|0|9|-1|-1|0|0|13|13|assassination
52|202|358|0|0|9|-1|-1|0|0|28|13|head of state
66|202|454|0|0|9|-1|-1|0|0|22|22|propaganda by the deed
10|204|60|0|0|9|-1|-1|0|0|11|11|Johann Most
45|204|275|0|0|0|-1|-1|0|0|4|4|fact
4|206|24|0|0|9|-1|-1|0|0|9|9|consensus
14|206|91|0|0|9|-1|-1|0|0|15|15|Mikhail Bakunin
16|206|115|0|0|9|-1|-1|0|0|16|16|Errico Malatesta
5|208|45|0|0|9|-1|-1|0|0|37|17|anarcho-pacifists
11|208|107|0|0|9|-1|-1|0|0|11|11|nonviolence
13|208|124|0|0|9|-1|-1|0|0|11|11|Leo Tolstoy
24|208|187|0|0|9|-1|-1|0|0|39|19|Christian anarchism
35|208|274|0|0|9|-1|-1|0|0|21|21|nonviolent resistance
0|211|3|0|0|0|-1|-1|0|0|27|7|seealso
0|213|3|0|0|5|-1|-1|0|0|191|37|Image:Flag of Anarcho syndicalism.svg
0|215|3|0|0|9|-1|-1|0|0|19|19|Anarcho-syndicalism
25|215|185|0|0|9|-1|-1|0|0|17|17|industrial action
29|215|217|0|0|9|-1|-1|0|0|14|14|general strike
39|215|298|0|0|9|-1|-1|0|0|19|19|anarchist communism
2|217|13|0|0|9|-1|-1|0|0|29|13|Paris Commune
24|217|185|0|0|9|-1|-1|0|0|37|37|Confédération Générale du Travail
40|217|332|0|0|9|-1|-1|0|0|12|12|Emile Pataud
42|217|353|0|0|9|-1|-1|0|0|12|12|Emile Pouget
49|217|396|0|0|9|-1|-1|0|0|21|21|libertarian communism
53|217|440|0|0|9|-1|-1|0|0|14|14|general strike
68|217|537|0|0|9|-1|-1|0|0|10|10|Bolshevism
1|219|7|0|0|9|-1|-1|0|0|31|31|Industrial Workers of the World
10|219|86|0|0|9|-1|-1|0|0|28|19|industrial unionism
15|219|132|0|0|9|-1|-1|0|0|14|14|general strike
0|221|3|0|0|5|-1|-1|0|0|206|38|Image:CNT_tu_votar_y_ellos_deciden.jpg
18|223|115|0|0|9|-1|-1|0|0|35|35|Confederación Nacional del Trabajo
58|223|374|0|0|9|-1|-1|0|0|17|17|Spanish Civil War
62|223|411|1|0|9|-1|-1|0|0|18|18|Anarchism in Spain
2|225|21|0|0|9|-1|-1|0|0|21|21|Ricardo Flores Magón
8|225|71|0|0|9|-1|-1|0|0|18|18|Mexican Revolution
10|225|95|0|0|9|-1|-1|0|0|28|13|Latin America
20|225|180|0|0|9|-1|-1|0|0|47|37|Zapatista Army of National Liberation
25|225|250|0|0|9|-1|-1|0|0|28|28|factory occupation movements
38|225|343|0|0|9|-1|-1|0|0|33|33|International Workers Association
45|225|422|0|0|9|-1|-1|0|0|19|19|First International
14|229|82|0|0|9|-1|-1|0|0|34|34|Confederación General del Trabajo
17|229|129|0|0|9|-1|-1|0|0|3|3|CNT
35|229|231|0|0|9|-1|-1|0|0|8|8|syndical
44|229|306|0|0|9|-1|-1|0|0|27|27|Workers Solidarity Alliance
49|229|350|0|0|9|-1|-1|0|0|21|21|Solidarity Federation
55|229|416|0|0|9|-1|-1|0|0|31|31|Industrial Workers of the World
74|229|597|0|0|9|-1|-1|0|0|9|9|workerist
88|229|691|0|0|9|-1|-1|0|0|9|9|Bob Black
97|229|779|0|0|9|-1|-1|0|0|18|13|Manual labour
101|229|810|0|0|9|-1|-1|0|0|9|9|workplace
8|231|76|0|0|9|-1|-1|0|0|13|13|direct action
0|234|3|0|0|0|-1|-1|0|0|31|4|main
1|236|7|0|0|9|-1|-1|0|0|26|26|Russian Revolution of 1917
4|238|41|0|0|9|-1|-1|0|0|10|10|Bolsheviks
37|238|285|0|0|9|-1|-1|0|0|19|19|Kronstadt rebellion
54|238|418|0|0|9|-1|-1|0|0|7|7|Ukraine
59|238|455|0|0|9|-1|-1|0|0|27|17|Russian Civil War
74|238|568|0|0|9|-1|-1|0|0|13|13|Nestor Makhno
3|240|32|0|0|9|-1|-1|0|0|12|12|Emma Goldman
5|240|53|0|0|9|-1|-1|0|0|17|17|Alexander Berkman
44|240|326|0|0|9|-1|-1|0|0|7|7|Bakunin
58|242|381|0|0|9|-1|-1|0|0|3|3|CGT
60|242|393|0|0|9|-1|-1|0|0|3|3|IWW
71|242|465|0|0|9|-1|-1|0|0|33|9|Comintern
3|244|17|0|0|9|-1|-1|0|0|11|11|Dielo Truda
11|244|82|0|0|9|-1|-1|0|0|13|13|Nestor Makhno
35|244|250|0|0|9|-1|-1|0|0|65|11|Platformism
33|246|270|0|0|9|-1|-1|0|0|27|27|Workers Solidarity Movement
38|246|323|0|0|9|-1|-1|0|0|20|20|Anarchist Federation
43|246|362|0|0|9|-1|-1|0|0|48|48|North Eastern Federation of Anarchist Communists
0|249|3|0|0|0|-1|-1|0|0|57|13|main articles
1|249|20|0|0|9|-1|-1|0|0|12|12|Anti-fascism
3|249|41|0|0|9|-1|-1|0|0|18|18|Anarchism in Spain
0|250|3|0|0|5|-1|-1|0|0|218|34|Image:CNT-armoured-car-factory.jpg
4|250|59|0|0|9|-1|-1|0|0|5|5|Spain
6|250|70|0|0|9|-1|-1|0|0|4|4|1936
11|250|95|0|0|9|-1|-1|0|0|3|3|CNT
13|250|113|0|0|9|-1|-1|0|0|12|12|armoured car
19|250|152|0|0|9|-1|-1|0|0|7|7|fascist
25|250|179|0|0|9|-1|-1|0|0|30|16|collectivisation
20|251|119|0|0|9|-1|-1|0|0|7|7|fascism
36|251|223|0|0|9|-1|-1|0|0|13|13|popular front
43|251|282|0|0|9|-1|-1|0|0|10|10|Communists
45|253|280|1|0|0|-1|-1|0|0|4|4|fact
25|255|240|0|0|9|-1|-1|0|0|3|3|CNT
78|255|560|0|0|9|-1|-1|0|0|17|17|Spanish Civil War
6|257|36|0|0|9|-1|-1|0|0|40|18|Anarchism in Spain
23|257|170|0|0|9|-1|-1|0|0|4|4|city
25|257|182|0|0|9|-1|-1|0|0|9|9|Barcelona
35|257|241|0|0|9|-1|-1|0|0|30|16|collectivization
59|257|405|0|0|9|-1|-1|0|0|10|10|Stalinists
84|257|605|0|0|9|-1|-1|0|0|23|4|POUM
13|259|78|0|0|9|-1|-1|0|0|23|11|neo-fascism
26|259|178|0|0|9|-1|-1|0|0|8|8|militant
27|259|191|1|0|9|-1|-1|0|0|25|12|anti-fascism
34|259|253|0|0|9|-1|-1|0|0|7|7|Marxist
64|259|455|0|0|9|2|2|0|0|18|18|Anti-Racist Action
66|259|484|0|0|9|2|2|0|0|19|19|Anti-Fascist Action
68|259|518|0|0|9|2|-1|0|1|6|6|Antifa
0|262|3|0|0|5|-1|-1|0|0|70|20|Image:LeoTolstoy.jpg
3|262|39|0|0|9|-1|-1|0|0|23|11|Leo Tolstoy
0|263|3|0|0|0|-1|-1|0|0|68|13|main articles
1|263|20|0|0|9|-1|-1|0|0|19|19|Christian anarchism
3|263|48|0|0|9|-1|-1|0|0|22|22|Anarchism and religion
6|265|38|0|0|9|-1|-1|0|0|7|7|secular
10|265|66|0|0|9|-1|-1|0|0|31|16|militant athiesm
0|267|3|0|0|9|-1|-1|0|0|40|19|Christian anarchism
11|267|95|0|0|9|-1|-1|0|0|3|3|God
19|267|141|0|0|9|-1|-1|0|0|10|10|government
61|267|434|0|0|9|-1|-1|0|0|18|8|pacifism
72|267|510|0|0|9|-1|-1|0|0|11|11|Leo Tolstoy
76|267|541|0|0|9|2|-1|1|1|32|32|The Kingdom of God is Within You
95|267|695|0|0|9|-1|-1|0|0|24|24|experimental communities
100|267|749|0|0|9|-1|-1|0|0|30|14|tax resistance
108|267|816|0|0|9|-1|-1|0|0|24|13|vegetarianism
111|267|848|0|0|9|-1|-1|0|0|14|8|veganism
113|267|866|0|0|0|-1|-1|0|0|4|4|fact
16|269|86|0|0|9|-1|-1|0|0|12|12|early church
38|269|243|0|0|9|-1|-1|0|0|21|10|anabaptism
94|269|645|0|0|9|-1|-1|0|0|10|10|Hutterites
0|271|3|0|0|9|-1|-1|0|0|17|17|Chinese Anarchism
12|271|99|0|0|9|-1|-1|0|0|6|6|Tai-Xu
14|271|112|0|0|9|-1|-1|0|0|18|18|Buddhist Anarchism
22|271|175|0|0|9|-1|-1|0|0|17|17|well-field system
0|273|3|0|0|9|-1|-1|0|0|11|11|Neopaganism
30|273|185|0|0|9|-1|-1|0|0|8|8|Starhawk
37|273|233|0|0|9|-1|-1|0|0|12|12|spirituality
39|273|254|0|0|9|-1|-1|0|0|8|8|activism
0|276|3|0|0|5|-1|-1|0|0|53|19|Image:Goldman-4.jpg
4|276|43|0|0|9|-1|-1|0|0|12|12|Emma Goldman
0|277|3|0|0|0|-1|-1|0|0|21|4|main
1|279|9|0|0|9|-1|-1|0|0|32|15|French feminism
6|279|54|0|0|9|-1|-1|0|0|18|18|Jenny d'Héricourt
8|279|81|0|0|9|-1|-1|0|0|13|13|Juliette Adam
11|279|114|0|0|9|-1|-1|0|0|8|8|mysogyny
16|279|147|0|0|9|-1|-1|0|0|8|8|Proudhon
5|281|33|0|0|9|-1|-1|0|0|16|16|radical feminism
11|281|84|0|0|9|-1|-1|0|0|10|10|patriarchy
61|281|465|0|0|9|-1|-1|0|0|32|20|second-wave feminism
67|281|546|0|0|9|-1|-1|0|0|10|10|patriarchy
108|281|815|0|0|9|-1|-1|0|0|9|9|hierarchy
122|281|910|0|0|0|-1|-1|0|0|4|4|fact
15|283|99|0|0|9|-1|-1|0|0|12|12|civilization
33|283|229|0|0|9|-1|-1|0|0|12|12|Eco-feminism
13|285|99|0|0|9|-1|-1|0|0|12|12|Emma Goldman
15|285|120|0|0|9|-1|-1|0|0|20|20|Voltairine de Cleyre
22|285|186|0|0|9|-1|-1|0|0|19|19|Mary Wollstonecraft
138|285|906|0|0|9|-1|-1|0|0|17|17|Spanish Civil War
0|290|3|0|0|5|-1|-1|0|0|80|31|Image:Murray Rothbard Smile.JPG
4|290|55|0|0|9|-1|-1|0|0|15|15|Murray Rothbard
0|291|3|0|0|0|-1|-1|0|0|23|4|main
18|292|144|0|0|9|-1|-1|0|0|11|11|free market
19|292|160|1|0|9|-1|-1|0|0|10|10|capitalism
30|292|231|0|0|9|-1|-1|0|0|6|6|profit
0|294|3|0|0|9|-1|-1|0|0|15|15|Murray Rothbard
4|294|38|0|0|9|-1|-1|0|0|20|20|classical liberalism
6|294|67|0|0|9|-1|-1|0|0|18|18|Austrian economics
23|294|212|0|0|9|-1|-1|0|0|24|24|non-aggression principle
30|294|266|0|0|9|-1|-1|0|0|11|11|Natural Law
36|294|317|0|0|9|-1|-1|0|0|14|14|utilitarianism
39|294|345|0|0|9|-1|-1|0|0|14|14|David Friedman
42|294|369|0|0|9|-1|-1|0|0|16|16|contractarianism
45|294|399|0|0|9|-1|-1|0|0|12|12|Jan Narveson
48|294|423|0|0|9|-1|-1|0|0|22|10|minarchism
53|294|459|0|0|9|-1|-1|0|0|8|8|Ayn Rand
55|294|473|0|0|9|-1|-1|0|0|13|13|Robert Nozick
58|294|496|0|0|9|-1|-1|0|0|18|18|Robert A. Heinlein
13|296|102|0|0|9|-1|-1|0|0|11|11|Ralph Raico
29|296|221|0|0|9|-1|-1|0|0|19|19|Gustave de Molinari
31|296|249|0|0|9|-1|-1|0|0|15|15|Auberon Herbert
35|296|280|0|0|9|-1|-1|0|0|28|19|Gustave de Molinari
87|296|629|0|0|9|-1|-1|0|0|17|11|Ralph Raico
26|298|163|0|0|9|2|-1|1|1|32|32|Anarchism and anarcho-capitalism
0|301|3|0|0|0|-1|-1|0|0|69|7|seealso
18|303|125|0|0|9|-1|-1|0|0|28|13|Eco-anarchism
21|303|161|0|0|9|-1|-1|0|0|32|15|Green anarchism
26|303|209|0|0|9|-1|-1|0|0|12|12|deep ecology
34|303|262|0|0|9|-1|-1|0|0|12|12|biodiversity
36|303|283|0|0|9|-1|-1|0|0|14|14|sustainability
41|303|328|0|0|9|-1|-1|0|0|13|13|direct action
54|303|434|0|0|9|-1|-1|0|0|12|12|Earth First!
61|303|487|0|0|9|-1|-1|0|0|12|12|tree sitting
67|303|536|0|0|9|-1|-1|0|0|11|11|ecofeminism
99|303|751|0|0|0|-1|-1|0|0|4|4|fact
27|305|205|0|0|9|-1|-1|0|0|10|10|technology
29|305|224|0|0|9|-1|-1|0|0|11|11|development
31|305|245|0|0|9|-1|-1|0|0|20|10|alienation
49|305|372|0|0|9|-1|-1|0|0|8|8|Luddites
54|305|405|0|0|9|-1|-1|0|0|21|21|Jean-Jacques Rousseau
63|305|476|0|0|9|-1|-1|0|0|19|19|Reclaim the Streets
69|305|522|0|0|9|-1|-1|0|0|22|22|Earth Liberation Front
71|305|560|0|0|9|-1|-1|0|0|11|11|John Zerzan
74|305|587|0|0|9|-1|-1|0|0|12|12|civilization
92|305|693|0|0|0|-1|-1|0|0|4|4|fact
0|310|3|0|0|5|-1|-1|0|0|46|20|Image:Hakim Bey.jpeg
3|310|39|0|0|9|-1|-1|0|0|9|9|Hakim Bey
32|311|221|0|0|9|-1|-1|0|0|8|8|ideology
57|311|389|0|0|9|-1|-1|0|0|8|8|anti-war
59|311|403|0|0|9|-1|-1|0|0|12|12|anti-nuclear
120|311|840|0|0|9|-1|-1|0|0|10|10|CrimethInc
124|311|869|0|0|9|-1|-1|0|0|34|34|Anarchy: A Journal of Desire Armed
128|311|923|0|0|9|-1|-1|0|0|13|13|Jason McQuinn
130|311|942|0|0|9|-1|-1|0|0|9|9|Bob Black
132|311|957|0|0|9|-1|-1|0|0|9|9|Hakim Bey
139|311|1009|0|0|9|-1|-1|0|0|12|12|Infoshop.org
167|311|1282|1|0|9|-1|-1|0|0|17|17|Post-left anarchy
9|313|72|0|0|9|-1|-1|0|0|11|11|Saul Newman
18|313|139|0|0|9|2|-1|1|1|21|21|From Bakunin to Lacan
33|313|250|0|0|9|-1|-1|0|0|17|17|poststructuralist
59|313|400|0|0|9|-1|-1|0|0|10|10|autonomism
61|313|416|0|0|9|-1|-1|0|0|17|17|post-left anarchy
63|313|439|0|0|9|-1|-1|0|0|12|12|situationism
65|313|457|0|0|9|-1|-1|0|0|16|16|post-colonialism
118|313|802|0|0|9|-1|-1|0|0|11|11|Saul Newman
120|313|819|0|0|9|-1|-1|0|0|8|8|Todd May
122|313|833|0|0|9|-1|-1|0|0|14|14|Gilles Deleuze
124|313|856|0|0|9|-1|-1|0|0|15|15|Félix Guattari
143|313|1026|1|0|9|-1|-1|0|0|14|14|Post-anarchism
54|315|436|0|0|9|-1|-1|0|0|19|19|Wolfi Landstreicher
56|315|464|0|0|9|-1|-1|0|0|18|18|Alfredo M. Bonanno
84|315|635|0|0|9|-1|-1|0|0|20|20|Willful Disobedience
86|315|664|0|0|9|-1|-1|0|0|19|19|Killing King Abacus
90|315|703|1|0|9|-1|-1|0|0|25|25|Insurrectionary anarchism
84|317|624|0|0|9|-1|-1|0|0|17|17|post-left anarchy
86|317|647|0|0|9|-1|-1|0|0|13|13|David Graeber
88|317|669|0|0|9|-1|-1|0|0|15|15|Andrej Grubacic
78|320|489|0|0|9|-1|-1|0|0|69|48|Monopoly on the legitimate use of physical force
105|320|719|1|0|9|-1|-1|0|0|21|21|Anarchism and Society
7|322|50|0|0|9|-1|-1|0|0|15|15|Black anarchism
32|322|240|0|0|9|-1|-1|0|0|14|14|Ashanti Alston
34|322|260|0|0|9|-1|-1|0|0|20|20|Lorenzo Komboa Ervin
37|322|290|0|0|9|-1|-1|0|0|8|8|Sam Mbah
39|322|304|0|0|9|-1|-1|0|0|25|25|Anarchist People of Color
64|322|502|0|0|9|-1|-1|0|0|18|18|National anarchism
89|322|682|0|0|9|-1|-1|0|0|5|5|races
100|322|758|0|0|9|-1|-1|0|0|18|18|Anti-Racist Action
119|322|900|0|0|9|-1|-1|0|0|9|9|Zapatista
9|324|74|0|0|9|-1|-1|0|0|14|14|neocolonialism
29|324|202|0|0|9|-1|-1|0|0|10|10|World Bank
31|324|218|0|0|9|-1|-1|0|0|24|24|World Trade Organization
33|324|248|0|0|9|-1|-1|0|0|17|2|G8
40|324|279|0|0|9|-1|-1|0|0|20|20|World Economic Forum
42|324|305|0|0|9|-1|-1|0|0|13|13|Globalization
64|324|464|0|0|9|-1|-1|0|0|20|20|cultural imperialism
76|324|545|0|0|9|-1|-1|0|0|18|18|anti-globalization
20|326|142|0|0|9|-1|-1|0|0|14|14|Food Not Bombs
22|326|162|0|0|9|-1|-1|0|0|8|8|infoshop
29|328|200|0|0|9|-1|-1|0|0|21|21|Intellectual property
37|328|272|0|0|9|-1|-1|0|0|32|12|file sharing
42|328|311|0|0|9|-1|-1|0|0|11|11|open source
46|328|348|0|0|9|-1|-1|0|0|22|22|free software movement
52|328|412|0|0|9|-1|-1|0|0|3|3|GNU
54|328|421|0|0|9|-1|-1|0|0|5|5|Linux
56|328|432|0|0|9|-1|-1|0|0|9|9|Indymedia
59|328|451|0|0|9|-1|-1|0|0|4|4|Wiki
71|328|522|0|0|9|-1|-1|0|0|23|23|Public key cryptography
79|328|596|0|0|9|-1|-1|0|0|6|6|e-gold
81|328|611|0|0|9|-1|-1|0|0|30|30|Local Exchange Trading Systems
86|328|672|0|0|9|-1|-1|0|0|10|10|fiat money
93|328|715|0|0|9|-1|-1|0|0|22|22|information technology
134|328|1030|0|0|9|-1|-1|0|0|16|16|Crypto-anarchism
136|328|1055|0|0|9|-1|-1|0|0|10|10|Cypherpunk
6|330|46|0|0|9|-1|-1|0|0|8|8|Pacifism
9|330|74|0|0|9|-1|-1|0|0|3|3|war
17|330|119|0|0|9|-1|-1|0|0|34|16|Anarcho-pacifism
24|330|185|0|0|9|-1|-1|0|0|11|11|Leo Tolstoy
28|330|213|0|0|9|-1|-1|0|0|24|11|Nonviolence
56|330|390|0|0|9|-1|-1|0|0|15|15|Randolph Bourne
91|330|612|0|0|9|-1|-1|0|0|8|8|anti-war
38|332|269|0|0|9|-1|-1|0|0|12|12|Voluntaryism
86|332|615|0|0|9|-1|-1|0|0|15|15|George H. Smith
99|332|701|0|0|9|-1|-1|0|0|11|11|Joe Peacott
104|332|734|0|0|9|-1|-1|0|0|14|14|Fred Woodworth
12|334|80|0|0|9|-1|-1|0|0|9|9|sectarian
37|334|229|0|0|9|-1|-1|0|0|20|8|panarchy
83|334|541|0|0|9|2|2|0|0|28|28|anarchism without adjectives
3|337|22|1|0|9|-1|-1|0|0|23|23|Criticisms of anarchism
25|339|164|0|0|9|-1|-1|0|0|16|16|Frederick Engels
9|342|75|0|0|9|-1|-1|0|0|7|7|utopian
80|342|510|0|0|9|-1|-1|0|0|22|13|Carl Landauer
101|342|660|0|0|9|-1|-1|0|0|12|12|Bryan Caplan
103|342|680|0|0|9|-1|-1|0|0|10|10|January 27
104|342|695|1|0|9|-1|-1|0|0|4|4|2006
146|342|972|0|0|9|-1|-1|0|0|12|12|Herbert Read
0|344|3|0|0|9|1|1|1|0|18|12|Social class
3|344|43|1|0|9|-1|-1|0|0|8|8|Marxists
16|344|132|0|0|9|-1|-1|0|0|18|18|petite bourgeoisie
20|344|170|0|0|9|-1|-1|0|0|17|17|lumpenproletariat
28|344|222|0|0|9|-1|-1|0|0|15|15|G. V. Plekhanov
51|344|442|0|0|9|-1|-1|0|0|12|12|middle-class
52|344|459|1|0|9|-1|-1|0|0|10|10|dilettante
59|344|505|0|0|9|-1|-1|0|0|31|15|anti-capitalism
6|348|46|0|0|9|-1|-1|0|0|6|6|sexist
10|348|67|0|0|9|-1|-1|0|0|20|20|Jenny P. d'Hericourt
24|348|222|0|0|9|-1|-1|0|0|6|6|racist
31|348|277|0|0|9|-1|-1|0|0|31|22|Pierre-Joseph Proudhon
34|348|317|0|0|9|-1|-1|0|0|23|15|Mikhail Bakunin
40|348|361|0|0|9|-1|-1|0|0|9|9|hypocrisy
71|348|601|0|0|9|-1|-1|0|0|11|11|eurocentric
82|348|681|0|0|9|-1|-1|0|0|7|7|fascism
86|348|713|0|0|9|-1|-1|0|0|15|15|Cercle Proudhon
98|348|840|0|0|9|2|2|0|0|12|12|Bryan Caplan
161|348|1275|0|0|9|2|2|0|0|16|16|Stanley G. Payne
187|348|1435|0|0|9|2|2|0|0|19|12|Bryan Caplan
0|351|3|0|0|5|-1|-1|0|0|68|22|Image:Noam_chomsky.jpg
4|351|48|0|0|9|-1|-1|0|0|12|12|Noam Chomsky
2|354|9|0|0|9|-1|-1|0|0|3|3|MIT
5|354|30|0|0|9|-1|-1|0|0|11|11|Linguistics
6|354|46|1|0|9|-1|-1|0|0|12|12|Noam Chomsky
2|355|9|0|0|9|-1|-1|0|0|15|15|science fiction
4|355|36|0|0|9|-1|-1|0|0|17|17|Ursula K. Le Guin
4|356|26|0|0|9|-1|-1|0|0|11|11|Howard Zinn
4|357|28|0|0|9|-1|-1|0|0|15|15|Hans Alfredsson
2|358|9|0|0|9|-1|-1|0|0|11|11|Avant-garde
4|358|32|0|0|9|-1|-1|0|0|18|18|Nicolás Rosselló
1|360|6|0|0|9|-1|-1|0|0|7|7|Denmark
4|360|23|0|0|9|-1|-1|0|0|20|20|Freetown Christiania
9|360|72|0|0|9|-1|-1|0|0|10|10|Copenhagen
19|360|133|0|0|9|-1|-1|0|0|14|14|Western Europe
25|360|176|0|0|9|-1|-1|0|0|40|31|commune (intentional community)
36|360|275|0|0|9|-1|-1|0|0|9|9|Barcelona
39|360|293|0|0|9|-1|-1|0|0|9|9|Catalonia
42|360|318|0|0|9|-1|-1|0|0|36|6|antifa
55|360|404|0|0|9|-1|-1|0|0|18|18|autonomous Marxism
57|360|428|0|0|9|-1|-1|0|0|12|12|situationist
60|360|450|0|0|9|-1|-1|0|0|10|10|Autonomist
46|362|278|0|0|9|-1|-1|0|0|17|14|United Kingdom
53|362|329|0|0|9|-1|-1|0|0|9|9|punk rock
57|362|362|0|0|9|-1|-1|0|0|5|5|Crass
64|362|408|0|0|9|-1|-1|0|0|17|8|pacifism
68|362|441|0|0|9|-1|-1|0|0|18|12|Dutch people
72|362|474|0|0|9|-1|-1|0|0|6|6|The Ex
4|363|32|0|0|9|2|-1|0|1|12|12|anarcho-punk
21|367|120|0|0|9|-1|-1|0|0|26|26|list of anarchist concepts
1|369|5|0|0|9|-1|-1|0|0|23|23|individualist anarchism
3|369|34|0|0|9|-1|-1|0|0|17|17|anarcho-communism
5|369|57|0|0|9|-1|-1|0|0|19|19|anarcho-syndicalism
7|369|82|0|0|9|-1|-1|0|0|18|18|anarcho-capitalism
9|369|106|0|0|9|-1|-1|0|0|9|9|mutualism
11|369|121|0|0|9|-1|-1|0|0|19|19|Christian anarchism
13|369|146|0|0|9|-1|-1|0|0|16|16|anarcha-feminism
15|369|168|0|0|9|-1|-1|0|0|15|15|green anarchism
17|369|189|0|0|9|-1|-1|0|0|18|18|nihilist anarchism
19|369|213|0|0|9|-1|-1|0|0|19|19|anarcho-nationalism
21|369|238|0|0|9|-1|-1|0|0|15|15|black anarchism
23|369|259|0|0|9|-1|-1|0|0|18|18|national anarchism
25|369|283|0|0|9|-1|-1|0|0|14|14|post-anarchism
27|369|303|0|0|9|-1|-1|0|0|19|19|post-left anarchism
1|370|5|0|0|9|-1|-1|0|0|21|21|Libertarian Socialism
1|371|5|0|0|9|-1|-1|0|0|19|19|Anarchist symbolism
1|372|5|0|0|9|-1|-1|0|0|39|15|Anarchism/Links
1|373|5|0|0|9|-1|-1|0|0|18|18|List of anarchists
1|374|5|0|0|9|-1|-1|0|0|31|31|List of anarchist organizations
1|375|5|0|0|9|-1|-1|0|0|40|40|Major conflicts within anarchist thought
1|376|5|0|0|9|-1|-1|0|0|38|38|Past and present anarchist communities
1|379|4|0|0|9|-1|-1|0|0|13|13|Paris Commune
1|380|4|0|0|9|-1|-1|0|0|14|14|Haymarket Riot
1|381|4|0|0|9|-1|-1|0|0|17|17|The Makhnovschina
1|382|4|0|0|9|-1|-1|0|0|19|19|Kronstadt rebellion
1|383|4|0|0|9|-1|-1|0|0|18|18|Spanish Revolution
4|383|39|0|0|9|-1|-1|0|0|18|18|Anarchism in Spain
6|383|66|0|0|9|-1|-1|0|0|18|18|Spanish Revolution
1|385|4|0|0|9|-1|-1|0|0|57|34|WTO Ministerial Conference of 1999
0|388|3|0|0|0|-1|-1|0|0|28|4|main
23|390|119|0|0|9|-1|-1|0|0|23|23|list of anarchist books
1|392|4|0|0|9|-1|-1|0|0|15|15|Mikhail Bakunin
3|392|29|0|0|9|2|-1|1|1|17|17|God and the State
1|393|4|0|0|9|-1|-1|0|0|12|12|Emma Goldman
3|393|26|0|0|9|2|-1|1|1|28|28|Anarchism &amp; Other Essays
1|394|4|0|0|9|-1|-1|0|0|15|15|Peter Kropotkin
3|394|29|0|0|9|2|-1|1|1|44|33|Mutual Aid: A Factor of Evolution
1|395|4|0|0|9|-1|-1|0|0|22|22|Pierre-Joseph Proudhon
3|395|36|0|0|9|2|-1|1|1|17|17|What is Property?
1|396|4|0|0|9|-1|-1|0|0|13|13|Rudolf Rocker
3|396|27|0|0|9|2|-1|1|1|46|26|Anarcho-Syndicalism (book)
1|397|4|0|0|9|-1|-1|0|0|15|15|Murray Rothbard
2|397|28|1|0|9|2|-1|1|1|21|21|The Ethics of Liberty
1|398|4|0|0|9|-1|-1|0|0|11|11|Max Stirner
3|398|25|0|0|9|2|-1|1|1|19|19|The Ego And Its Own
1|399|4|0|0|9|-1|-1|0|0|11|11|Leo Tolstoy
3|399|25|0|0|9|2|-1|1|1|32|32|The Kingdom of God is Within You
1|402|5|0|0|9|-1|-1|0|0|17|17|African Anarchism
1|403|5|0|0|9|-1|-1|0|0|18|18|Anarchism in Spain
1|404|5|0|0|9|-1|-1|0|0|34|34|Anarchism in the English tradition
1|405|5|0|0|9|-1|-1|0|0|17|17|Chinese anarchism
1|413|5|0|0|0|-1|-1|0|0|9|4|note
1|414|5|0|0|0|-1|-1|0|0|15|4|note
1|415|5|0|0|0|-1|-1|0|0|13|4|note
1|416|5|0|0|0|-1|-1|0|0|13|4|note
1|417|5|0|0|0|-1|-1|0|0|22|4|note
3|417|32|1|0|9|-1|-1|0|0|28|13|Victor Yarros
8|417|82|0|0|9|-1|-1|0|0|9|9|January 2
9|417|96|1|0|9|-1|-1|0|0|4|4|1892
1|418|5|0|0|0|-1|-1|0|0|10|4|note
15|421|102|0|0|9|-1|-1|0|0|45|31|List of anarchism web resources
0|422|3|0|0|0|-1|-1|0|0|34|9|wikiquote
3|426|45|0|0|9|-1|-1|0|0|27|12|Infoshop.org
0|432|3|0|0|2|-1|-1|0|0|20|18|Category:Anarchism
0|433|3|0|0|2|-1|-1|0|0|38|28|Category:Forms of government
0|434|3|0|0|2|-1|-1|0|0|50|40|Category:Political ideology entry points
0|435|3|0|0|2|-1|-1|0|0|37|27|Category:Political theories
0|436|3|0|0|2|-1|-1|0|0|36|26|Category:Social philosophy
0|438|3|0|0|9|-1|-1|0|0|19|19|ar:لاسلطوية
0|439|3|0|0|9|-1|-1|0|0|14|14|ast:Anarquismu
0|440|3|0|0|9|-1|-1|0|0|21|21|bg:Анархизъм
0|441|3|0|0|9|-1|-1|0|0|12|12|bs:Anarhizam
0|442|3|0|0|9|-1|-1|0|0|13|13|ca:Anarquisme
0|443|3|0|0|9|-1|-1|0|0|14|14|cs:Anarchismus
0|444|3|0|0|9|-1|-1|0|0|12|12|da:Anarkisme
0|445|3|0|0|9|-1|-1|0|0|14|14|de:Anarchismus
0|446|3|0|0|9|-1|-1|0|0|13|13|eo:Anarkiismo
0|447|3|0|0|9|-1|-1|0|0|13|13|es:Anarquismo
0|448|3|0|0|9|-1|-1|0|0|11|11|et:Anarhism
0|449|3|0|0|9|-1|-1|0|0|12|12|eu:Anarkismo
0|450|3|0|0|9|-1|-1|0|0|24|24|fa:دولت‌زدائی
0|451|3|0|0|9|-1|-1|0|0|12|12|fi:Anarkismi
0|452|3|0|0|9|-1|-1|0|0|13|13|fr:Anarchisme
0|453|3|0|0|9|-1|-1|0|0|13|13|gl:Anarquismo
0|454|3|0|0|9|-1|-1|0|0|17|17|he:אנרכיזם
0|455|3|0|0|9|-1|-1|0|0|14|14|hu:Anarchizmus
0|456|3|0|0|9|-1|-1|0|0|12|12|id:Anarkisme
0|457|3|0|0|9|-1|-1|0|0|22|22|is:Stjórnleysisstefna
0|458|3|0|0|9|-1|-1|0|0|13|13|it:Anarchismo
0|459|3|0|0|9|-1|-1|0|0|18|18|ja:アナキズム
0|460|3|0|0|9|-1|-1|0|0|15|15|ko:아나키즘
0|461|3|0|0|9|-1|-1|0|0|14|14|lt:Anarchizmas
0|462|3|0|0|9|-1|-1|0|0|13|13|nl:Anarchisme
0|463|3|0|0|9|-1|-1|0|0|12|12|nn:Anarkisme
0|464|3|0|0|9|-1|-1|0|0|12|12|no:Anarkisme
0|465|3|0|0|9|-1|-1|0|0|12|12|pl:Anarchizm
0|466|3|0|0|9|-1|-1|0|0|13|13|pt:Anarquismo
0|467|3|0|0|9|-1|-1|0|0|11|11|ro:Anarhism
0|468|3|0|0|9|-1|-1|0|0|19|19|ru:Анархизм
0|469|3|0|0|9|-1|-1|0|0|13|13|sco:Anarchism
0|470|3|0|0|9|-1|-1|0|0|16|16|simple:Anarchism
0|471|3|0|0|9|-1|-1|0|0|14|14|sk:Anarchizmus
0|472|3|0|0|9|-1|-1|0|0|12|12|sl:Anarhizem
0|473|3|0|0|9|-1|-1|0|0|21|21|sr:Анархизам
0|474|3|0|0|9|-1|-1|0|0|11|11|sv:Anarkism
0|475|3|0|0|9|-1|-1|0|0|45|45|th:ลัทธิอนาธิปไตย
0|476|3|0|0|9|-1|-1|0|0|12|12|tr:Anarşizm
0|477|3|0|0|9|-1|-1|0|0|18|18|zh:无政府主义
0|478|3|0|0|9|-1|-1|0|0|34|34|zh-min-nan:Hui-thóng-tī-chú-gī
1|493|13|0|0|9|-1|-1|0|0|22|22|History of Afghanistan
